Vertex Count: 348

Data:


10 7.6721 -3.5444 1.5 -0.7089 0 -1 0
15 7.6721 -3.6507 0.5 -0.7301 0 -1 0
15 7.6721 3.5444 0.5 0.7089 0 -1 0
15 7.6721 3.5444 0.5 0.7089 0 -1 0
10 7.6721 3.6507 1.5 0.7301 0 -1 0
10 7.6721 -3.5444 1.5 -0.7089 0 -1 0
10 0 -3.5444 0.5 0.7672 0.0213 0 0.9998
15 0 -3.6507 1.5 0.7672 0.0213 0 0.9998
15 7.6721 -3.6507 1.5 -0.7672 0.0213 0 0.9998
15 7.6721 -3.6507 1.5 -0.7672 0.0213 -0 0.9998
10 7.6721 -3.5444 0.5 -0.7672 0.0213 -0 0.9998
10 0 -3.5444 0.5 0.7672 0.0213 -0 0.9998
15 0 3.5444 1.5 0.7089 0 1 0
15 0 -3.6507 1.5 -0.7301 0 1 0
10 0 -3.5444 0.5 -0.7089 0 1 0
10 0 -3.5444 0.5 -0.7089 0 1 0
10 0 3.6507 0.5 0.7301 0 1 0
15 0 3.5444 1.5 0.7089 0 1 0
10 7.6721 3.6507 1.5 -0.7672 -0.0213 -0 -0.9998
15 7.6721 3.5444 0.5 -0.7672 -0.0213 -0 -0.9998
15 0 3.5444 0.5 0.7672 -0.0213 -0 -0.9998
15 0 3.5444 0.5 0.7672 -0.0213 0 -0.9998
10 0 3.6507 1.5 0.7672 -0.0213 0 -0.9998
10 7.6721 3.6507 1.5 -0.7672 -0.0213 0 -0.9998
-10 7.7028 3.6317 0.5 0.7157 0.0061 -1 0
-15 7.6721 3.6507 1.5 0.7195 0.0061 -1 0
-15 7.6721 -3.5444 1.5 -0.7195 0.0061 -1 0
-15 7.6721 -3.5444 1.5 -0.7195 0.0061 -1 0
-10 7.7028 -3.5386 0.5 -0.7184 0.0061 -1 0
-10 7.7028 3.6317 0.5 0.7157 0.0061 -1 0
-15 0 -3.5444 0.5 0.7703 -0.0012 0 1
-10 0 -3.5386 1.5 0.7703 -0.0012 0 1
-10 7.7028 -3.5386 1.5 -0.7703 -0.0012 0 1
-10 7.7028 -3.5386 1.5 -0.7703 -0.0012 -0 1
-15 7.6721 -3.5444 0.5 -0.7641 -0.0012 -0 1
-15 0 -3.5444 0.5 0.7703 -0.0012 -0 1
-10 0 -3.5386 1.5 -0.7184 0 1 0
-15 0 -3.5444 0.5 -0.7195 0 1 0
-15 0 3.6507 0.5 0.7195 0 1 0
-15 0 3.6507 0.5 0.7195 0 1 0
-10 0 3.6317 1.5 0.7157 0 1 0
-10 0 -3.5386 1.5 -0.7184 0 1 0
-15 7.6721 3.6507 1.5 -0.7641 -0.0038 -0 -1
-10 7.7028 3.6317 0.5 -0.7703 -0.0038 -0 -1
-10 0 3.6317 0.5 0.7703 -0.0038 -0 -1
-10 0 3.6317 0.5 0.7703 -0.0038 0 -1
-15 0 3.6507 1.5 0.7703 -0.0038 0 -1
-15 7.6721 3.6507 1.5 -0.7641 -0.0038 0 -1
-10 10 -10 3 -2 0 -1 0
10 10 -10 -1 -2 0 -1 0
10 10 10 -1 2 0 -1 0
10 10 10 -1 2 0 -1 0
-10 10 10 3 2 0 -1 0
-10 10 -10 3 -2 0 -1 0
10 10 -10 -1 -1 -1 0 0
10 0 -10 -1 1 -1 0 -0
10 0 -3.5444 0.2911 1 -1 -0 -0
10 0 -3.5444 0.2911 1 -1 -0 -0
10 7.6721 -3.5444 0.2911 -0.5344 -1 0 0
10 10 -10 -1 -1 -1 0 0
10 10 10 -1 -1 -0 0 -1
10 0 10 -1 1 0 0 -1
3.627 0 10 0.2746 1 0 0 -1
3.627 0 10 0.2746 1 0 0 -1
3.627 7.6842 10 0.2746 -0.5368 -0 0 -1
10 10 10 -1 -1 -0 0 -1
-10 10 10 -1 -1 1 0 0
-10 0 10 -1 1 1 0 0
-10 0 3.6317 0.2737 1 1 0 0
-10 0 3.6317 0.2737 1 1 0 0
-10 7.7028 3.6317 0.2737 -0.5406 1 0 0
-10 10 10 -1 -1 1 0 0
10 7.6721 3.6507 1.7301 -0.5344 -1 -0 0
10 0 3.6507 1.7301 1 -1 -0 -0
10 0 10 3 1 -1 -0 -0
10 0 10 3 1 -1 -0 -0
10 10 10 3 -1 -1 -0 0
10 7.6721 3.6507 1.7301 -0.5344 -1 -0 0
10 7.6721 -3.5444 0.2911 -0.5344 -1 0 0
10 7.6721 3.6507 1.7301 -0.5344 -1 -0 0
10 10 10 3 -1 -1 -0 0
10 10 10 3 -1 -1 -0 0
10 10 -10 -1 -1 -1 0 0
10 7.6721 -3.5444 0.2911 -0.5344 -1 0 0
-3.5401 7.6842 10 1.708 -0.5368 -0 -0 -1
-3.5401 0 10 1.708 1 0 0 -1
-10 0 10 3 1 0 0 -1
-10 0 10 3 1 0 0 -1
-10 10 10 3 -1 -0 -0 -1
-3.5401 7.6842 10 1.708 -0.5368 -0 -0 -1
3.627 7.6842 10 0.2746 -0.5368 -0 0 -1
-3.5401 7.6842 10 1.708 -0.5368 -0 -0 -1
-10 10 10 3 -1 -0 -0 -1
-10 10 10 3 -1 -0 -0 -1
10 10 10 -1 -1 -0 0 -1
3.627 7.6842 10 0.2746 -0.5368 -0 0 -1
-10 7.7028 -3.5386 1.7077 -0.5406 1 0 0
-10 0 -3.5386 1.7077 1 1 0 0
-10 0 -10 3 1 1 0 0
-10 0 -10 3 1 1 0 0
-10 10 -10 3 -1 1 0 0
-10 7.7028 -3.5386 1.7077 -0.5406 1 0 0
-10 7.7028 3.6317 0.2737 -0.5406 1 0 0
-10 7.7028 -3.5386 1.7077 -0.5406 1 0 0
-10 10 -10 3 -1 1 0 0
-10 10 -10 3 -1 1 0 0
-10 10 10 -1 -1 1 0 0
-10 7.7028 3.6317 0.2737 -0.5406 1 0 0
8.6007 1.3993 -10 2.7201 0.7201 0 -0 1
-8.6007 1.3993 -10 -0.7201 0.7201 0 -0 1
-10 0 -10 -1 1 0 -0 1
-10 0 -10 -1 1 0 0 1
10 0 -10 3 1 0 0 1
8.6007 1.3993 -10 2.7201 0.7201 0 0 1
8.6007 8.6007 -10 2.7201 -0.7201 -0 0 1
8.6007 1.3993 -10 2.7201 0.7201 -0 0 1
10 0 -10 3 1 -0 0 1
10 0 -10 3 1 -0 0 1
10 10 -10 3 -1 -0 0 1
8.6007 8.6007 -10 2.7201 -0.7201 -0 0 1
-8.6007 8.6007 -10 -0.7201 -0.7201 0 -0 1
8.6007 8.6007 -10 2.7201 -0.7201 0 -0 1
10 10 -10 3 -1 0 -0 1
10 10 -10 3 -1 0 0 1
-10 10 -10 -1 -1 0 0 1
-8.6007 8.6007 -10 -0.7201 -0.7201 0 0 1
-8.6007 1.3993 -10 -0.7201 0.7201 -0 0 1
-8.6007 8.6007 -10 -0.7201 -0.7201 -0 0 1
-10 10 -10 -1 -1 -0 0 1
-10 10 -10 -1 -1 -0 0 1
-10 0 -10 -1 1 -0 0 1
-8.6007 1.3993 -10 -0.7201 0.7201 -0 0 1
10 0 -3.5444 3 -0.7089 0 1 0
10 0 -10 3 -2 0 1 0
-10 0 -10 -1 -2 0 1 0
10 0 3.6507 3 0.7301 0 1 0
10 0 -3.5444 3 -0.7089 0 1 0
-10 0 -10 -1 -2 0 1 0
10 0 10 3 2 0 1 0
10 0 3.6507 3 0.7301 0 1 0
-10 0 -10 -1 -2 0 1 0
3.627 0 10 1.7254 2 0 1 0
10 0 10 3 2 0 1 0
-10 0 -10 -1 -2 0 1 0
-3.5401 0 10 0.292 2 0 1 0
3.627 0 10 1.7254 2 0 1 0
-10 0 -10 -1 -2 0 1 0
-10 0 3.6317 -1 0.7263 0 1 0
-10 0 10 -1 2 0 1 0
-3.5401 0 10 0.292 2 0 1 0
-10 0 -3.5386 -1 -0.7077 0 1 0
-10 0 3.6317 -1 0.7263 0 1 0
-3.5401 0 10 0.292 2 0 1 0
-10 0 -3.5386 -1 -0.7077 0 1 0
-3.5401 0 10 0.292 2 0 1 0
-10 0 -10 -1 -2 0 1 0
-3.5444 0 15 -4.7089 3 0 1 0
-10 0 15 -6 3 0 1 0
-10 0 35 -6 7 0 1 0
3.6507 0 15 -3.2699 3 0 1 0
-3.5444 0 15 -4.7089 3 0 1 0
-10 0 35 -6 7 0 1 0
10 0 15 -2 3 0 1 0
3.6507 0 15 -3.2699 3 0 1 0
-10 0 35 -6 7 0 1 0
10 0 35 -2 7 0 1 0
10 0 15 -2 3 0 1 0
-10 0 35 -6 7 0 1 0
-10 10 35 8 7 0 -1 0
-10 10 15 8 3 0 -1 0
10 10 15 4 3 0 -1 0
10 10 15 4 3 0 -1 0
10 10 35 4 7 0 -1 0
-10 10 35 8 7 0 -1 0
-10 0 35 -6 0 1 0 -0
-10 0 15 -2 0 1 0 -0
-10 10 15 -2 -2 1 0 -0
-10 10 15 -2 -2 1 0 -0
-10 10 35 -6 -2 1 0 -0
-10 0 35 -6 0 1 0 -0
10 0 15 4 0 -1 0 0
10 0 35 8 0 -1 0 0
10 10 35 8 -2 -1 0 0
10 10 35 8 -2 -1 0 0
10 10 15 4 -2 -1 0 0
10 0 15 4 0 -1 0 0
10 0 35 4 0 -0 0 -1
-10 0 35 8 0 -0 0 -1
-10 10 35 8 -2 -0 0 -1
-10 10 35 8 -2 -0 0 -1
10 10 35 4 -2 -0 0 -1
10 0 35 4 0 -0 0 -1
-3.5444 0 15 -4.7089 0 -0.0006 -0.0004 1
-3.5444 7.7103 15.008 -4.7089 -1.5421 -0.0007 0.0017 1
-10 10 15 -6 -2 -0.0007 0.0003 1
-10 10 15 -6 -2 -0.0007 0.0003 1
-10 0 15 -6 0 -0 0 1
-3.5444 0 15 -4.7089 0 -0.0006 -0.0004 1
10 0 15 -2 0 0.0006 -0.0006 1
10 10 15 -2 -2 0.001 0.0008 1
3.6507 7.7103 15.008 -3.2699 -1.5421 0.0003 0.0019 1
3.6507 7.7103 15.008 -3.2699 -1.5421 0.0003 0.0019 1
3.6507 0 15 -3.2699 0 -0 -0.001 1
10 0 15 -2 0 0.0006 -0.0006 1
10 10 15 -2 -2 0.001 0.0008 1
-10 10 15 -6 -2 -0.0007 0.0003 1
-3.5444 7.7103 15.008 -4.7089 -1.5421 -0.0007 0.0017 1
-3.5444 7.7103 15.008 -4.7089 -1.5421 -0.0007 0.0017 1
3.6507 7.7103 15.008 -3.2699 -1.5421 0.0003 0.0019 1
10 10 15 -2 -2 0.001 0.0008 1
-15 0 -3.5444 3 -0.7089 0 1 0
-15 0 -10 3 -2 0 1 0
-35 0 -10 -1 -2 0 1 0
-15 0 3.6507 3 0.7301 0 1 0
-15 0 -3.5444 3 -0.7089 0 1 0
-35 0 -10 -1 -2 0 1 0
-15 0 10 3 2 0 1 0
-15 0 3.6507 3 0.7301 0 1 0
-35 0 -10 -1 -2 0 1 0
-35 0 10 -1 2 0 1 0
-15 0 10 3 2 0 1 0
-35 0 -10 -1 -2 0 1 0
-15 10 10 -1 2 0 -1 0
-35 10 10 3 2 0 -1 0
-35 10 -10 3 -2 0 -1 0
-35 10 -10 3 -2 0 -1 0
-15 10 -10 -1 -2 0 -1 0
-15 10 10 -1 2 0 -1 0
-15 10 -10 3 -1 0 0 1
-35 10 -10 -1 -1 0 0 1
-35 0 -10 -1 1 0 0 1
-35 0 -10 -1 1 0 0 1
-15 0 -10 3 1 0 0 1
-15 10 -10 3 -1 0 0 1
-15 10 -10 -1 -1 -1 0 -0
-15 0 -10 -1 1 -1 0 -0
-15 0 -3.5444 0.2911 1 -1 0 -0
-15 0 -3.5444 0.2911 1 -1 0 -0
-15 7.6721 -3.5444 0.2911 -0.5344 -1 0 -0
-15 10 -10 -1 -1 -1 0 -0
-35 10 10 3 -1 -0 0 -1
-15 10 10 -1 -1 -0 0 -1
-15 0 10 -1 1 -0 0 -1
-15 0 10 -1 1 -0 0 -1
-35 0 10 3 1 -0 0 -1
-35 10 10 3 -1 -0 0 -1
-35 10 -10 3 -1 1 0 0
-35 10 10 -1 -1 1 0 0
-35 0 10 -1 1 1 0 0
-35 0 10 -1 1 1 0 0
-35 0 -10 3 1 1 0 0
-35 10 -10 3 -1 1 0 0
-15 7.6721 3.6507 1.7301 -0.5344 -1 0 -0
-15 0 3.6507 1.7301 1 -1 0 -0
-15 0 10 3 1 -1 0 -0
-15 0 10 3 1 -1 0 -0
-15 10 10 3 -1 -1 0 -0
-15 7.6721 3.6507 1.7301 -0.5344 -1 0 -0
-15 7.6721 -3.5444 0.2911 -0.5344 -1 0 -0
-15 7.6721 3.6507 1.7301 -0.5344 -1 0 -0
-15 10 10 3 -1 -1 0 -0
-15 10 10 3 -1 -1 0 -0
-15 10 -10 -1 -1 -1 0 -0
-15 7.6721 -3.5444 0.2911 -0.5344 -1 0 -0
15 0 3.5444 -1 0.7089 0 1 0
15 0 10 -1 2 0 1 0
35 0 10 3 2 0 1 0
15 0 -3.6507 -1 -0.7301 0 1 0
15 0 3.5444 -1 0.7089 0 1 0
35 0 10 3 2 0 1 0
15 0 -10 -1 -2 0 1 0
15 0 -3.6507 -1 -0.7301 0 1 0
35 0 10 3 2 0 1 0
35 0 -10 3 -2 0 1 0
15 0 -10 -1 -2 0 1 0
35 0 10 3 2 0 1 0
15 10 -10 3 -2 0 -1 0
35 10 -10 -1 -2 0 -1 0
35 10 10 -1 2 0 -1 0
35 10 10 -1 2 0 -1 0
15 10 10 3 2 0 -1 0
15 10 -10 3 -2 0 -1 0
15 10 10 3 -1 0 0 -1
35 10 10 -1 -1 0 0 -1
35 0 10 -1 1 0 0 -1
35 0 10 -1 1 0 0 -1
15 0 10 3 1 0 0 -1
15 10 10 3 -1 0 0 -1
15 10 10 -1 -1 1 0 0
15 0 10 -1 1 1 0 0
15 0 3.5444 0.2911 1 1 0 0
15 0 3.5444 0.2911 1 1 0 0
15 7.6721 3.5444 0.2911 -0.5344 1 0 0
15 10 10 -1 -1 1 0 0
35 10 -10 3 -1 -0 0 1
15 10 -10 -1 -1 -0 0 1
15 0 -10 -1 1 -0 0 1
15 0 -10 -1 1 -0 0 1
35 0 -10 3 1 -0 0 1
35 10 -10 3 -1 -0 0 1
35 10 10 3 -1 -1 0 -0
35 10 -10 -1 -1 -1 0 -0
35 0 -10 -1 1 -1 0 -0
35 0 -10 -1 1 -1 0 -0
35 0 10 3 1 -1 0 -0
35 10 10 3 -1 -1 0 -0
15 7.6721 -3.6507 1.7301 -0.5344 1 0 0
15 0 -3.6507 1.7301 1 1 0 0
15 0 -10 3 1 1 0 0
15 0 -10 3 1 1 0 0
15 10 -10 3 -1 1 0 0
15 7.6721 -3.6507 1.7301 -0.5344 1 0 0
15 7.6721 3.5444 0.2911 -0.5344 1 0 0
15 7.6721 -3.6507 1.7301 -0.5344 1 0 0
15 10 -10 3 -1 1 0 0
15 10 -10 3 -1 1 0 0
15 10 10 -1 -1 1 0 0
15 7.6721 3.5444 0.2911 -0.5344 1 0 0
-3.5444 7.7103 15.008 1.7195 0.5008 0 -1 0.0052
-3.5401 7.6842 10 1.7187 -0.5008 0 -1 0.0052
3.627 7.6842 10 0.2852 -0.5008 0 -1 0.0052
3.627 7.6842 10 0.2852 -0.5008 0 -1 0.0052
3.6507 7.7103 15.008 0.2805 0.5008 0 -1 0.0052
-3.5444 7.7103 15.008 1.7195 0.5008 0 -1 0.0052
-3.5444 0 15 0.5008 0.771 1 0 0.0009
-3.5401 0 10 1.5008 0.771 1 0 0.0009
-3.5401 7.6842 10 1.5008 -0.7658 1 0 0.0009
-3.5401 7.6842 10 1.5008 -0.7658 1 -0 0.0009
-3.5444 7.7103 15.008 0.4992 -0.771 1 -0 0.0009
-3.5444 0 15 0.5008 0.771 1 -0 0.0009
-3.5401 0 10 0.2813 -0.5008 0 1 0
-3.5444 0 15 0.2805 0.4992 0 1 0
3.6507 0 15 1.7195 0.4992 0 1 0
3.6507 0 15 1.7195 0.4992 0 1 0
3.627 0 10 1.7148 -0.5008 0 1 0
-3.5401 0 10 0.2813 -0.5008 0 1 0
3.6507 7.7103 15.008 1.5008 -0.771 -1 0 0.0047
3.627 7.6842 10 0.4992 -0.7658 -1 0 0.0047
3.627 0 10 0.4992 0.771 -1 0 0.0047
3.627 0 10 0.4992 0.771 -1 -0 0.0047
3.6507 0 15 1.4992 0.771 -1 -0 0.0047
3.6507 7.7103 15.008 1.5008 -0.771 -1 -0 0.0047
